{
    "monte_carlo": {
        "weights": [
            [
                0.07758678851061197,
                0.497680664507521,
                0.21770512811217946,
                0.15094203581080023,
                0.028045054057161657,
                0.028040329001725567
            ],
            [
                0.0077253593166110085,
                0.25965576261059164,
                0.11865618299547165,
                0.1589579691632821,
                0.002685251243737954,
                0.4523194746703055
            ],
            [
                0.5053421490521539,
                0.06751954922831822,
                0.05676773081905632,
                0.05731437448369574,
                0.10261515765015877,
                0.2104410387666172
            ],
            [
                0.201390743710334,
                0.12257963013335303,
                0.3370076787460289,
                0.05349931109488551,
                0.1230399031521801,
                0.16248273316321854
            ],
            [
                0.15084946643302957,
                0.3809880292540979,
                0.055177651441908095,
                0.1788660014896704,
                0.22233600914829038,
                0.011782842233003585
            ],
            [
                0.10181927402258391,
                0.020352386290684792,
                0.007322273948245085,
                0.3237122240102337,
                0.36692293214403265,
                0.17987090958421995
            ],
            [
                0.12058922763097998,
                0.034115747867831295,
                0.38264236020726045,
                0.19255448467007213,
                0.04320253742683086,
                0.22689564219702538
            ],
            [
                0.007099863870101328,
                0.48702095770788223,
                0.060756883312513305,
                0.22039005798157874,
                0.07578873493619324,
                0.14894350219173094
            ],
            [
                0.07168238398942484,
                0.01851696335519413,
                0.3164373249748488,
                0.13519273106206686,
                0.2541327192169183,
                0.20403787740154708
            ],
            [
                0.21634625417410153,
                0.6054092785973221,
                0.02200270499854151,
                0.05180000606707183,
                0.010990485064406903,
                0.09345127109855615
            ],
            [
                0.11925558393958664,
                0.07671058078828538,
                0.42759688262085177,
                0.10692043216240106,
                0.0799195476095383,
                0.18959697287933666
            ],
            [
                0.019264124849537448,
                0.20551401550001175,
                0.009825694592207189,
                0.5496679018138549,
                0.18763204546797618,
                0.02809621777641233
            ],
            [
                0.0009579753848558034,
                0.2923526490447034,
                0.21228795979490636,
                0.22588007458740675,
                0.2552125551950102,
                0.013308785993117474
            ],
            [
                0.11099091534477433,
                0.030792449806505834,
                0.497211896171024,
                0.24411433135517516,
                0.10047076540115231,
                0.01641964192136819
            ],
            [
                0.0630280120505135,
                0.06655191482068591,
                0.22130305707829723,
                0.17172740751182722,
                0.36925450065907794,
                0.10813510787959806
            ],
            [
                0.022015859100073525,
                0.21590698591784344,
                0.2472382312651604,
                0.14240598364252918,
                0.25475656785019707,
                0.11767637222419645
            ],
            [
                0.2981287909285555,
                0.22482794217502666,
                0.010377683294906005,
                0.04601537536673308,
                0.012870923561276499,
                0.4077792846735023
            ],
            [
                0.06629288059350202,
                0.12479421747822358,
                0.4182891576757472,
                0.050368066574405485,
                0.09279713644670545,
                0.2474585412314164
            ],
            [
                0.050313805060811345,
                0.015512975582667012,
                0.06625881009241674,
                0.03404700500400723,
                0.5141570038567577,
                0.31971040040333987
            ],
            [
                0.12709872234299133,
                0.2598376144812355,
                0.20619229721187346,
                0.026153924420007326,
                0.2825462631168632,
                0.09817117842702922
            ],
            [
                0.3151819404695501,
                0.43321038766564113,
                0.07322665796591862,
                0.02230720938939566,
                0.04949371729851116,
                0.10658008721098348
            ],
            [
                0.32838783063959776,
                0.379947414132116,
                0.0013445990764204465,
                0.13778174395645024,
                0.10412964455017411,
                0.048408767645241484
            ],
            [
                0.022249266754741433,
                0.07177816233943433,
                0.4989203497791283,
                0.06802730835873957,
                0.12746114259873254,
                0.21156377016922387
            ],
            [
                0.0523274068758926,
                0.41306229723170407,
                0.3799751223688051,
                0.0335818844574125,
                0.07961384312257563,
                0.04143944594361015
            ],
            [
                0.1401942335343646,
                0.015717023533043863,
                0.3932936385199515,
                0.29210594799185047,
                0.0221011926595553,
                0.1365879637612341
            ],
            [
                0.2981340973490392,
                0.03417828420492865,
                0.019535329976359796,
                0.08390075547907488,
                0.5296633671168499,
                0.03458816587374767
            ],
            [
                0.1997715492630108,
                0.2568700762834332,
                0.04860727674937389,
                0.23337757472502024,
                0.08214087650202333,
                0.17923264647713846
            ],
            [
                0.235491247711113,
                0.1800216181349431,
                0.022199142208003515,
                0.4231187065701967,
                0.09074218585981585,
                0.04842709951592765
            ],
            [
                0.013611428806179483,
                0.29223327693311296,
                0.3700746623626566,
                0.0054691080842543625,
                0.2346392979202144,
                0.08397222589358232
            ],
            [
                0.17866714051713062,
                0.03303983622365197,
                0.20247878198338823,
                0.08431502806388129,
                0.4759879842553956,
                0.025511228956552258
            ],
            [
                0.06320963255420663,
                0.01825137145899998,
                0.3918950707175341,
                0.31796832803293323,
                0.04520665837906962,
                0.16346893885725652
            ],
            [
                0.2873846179994809,
                0.13699426946870505,
                0.12754947436890637,
                0.04682021162600707,
                0.01652559738635252,
                0.3847258291505482
            ],
            [
                0.2987422398079717,
                0.12985225340812917,
                0.05362170667541326,
                0.05563179050296783,
                0.16764166326609123,
                0.2945103463394269
            ],
            [
                0.29983586332960455,
                0.2080663197130633,
                0.1412223140562333,
                0.012082297047548273,
                0.02423480754965678,
                0.3145583983038938
            ],
            [
                0.40223471809567374,
                0.003985538104936016,
                0.04615350976405622,
                0.46981423014885004,
                0.002188877218630492,
                0.07562312666785355
            ],
            [
                0.1658171751035126,
                0.24534324930822704,
                0.21994570665731572,
                0.052921155711631855,
                0.25953517113602104,
                0.05643754208329183
            ],
            [
                0.05947422439908939,
                0.20734924452683967,
                0.1584590384708791,
                0.28585528812358274,
                0.16194006824684273,
                0.12692213623276657
            ],
            [
                0.01871211468527648,
                0.08721222846371768,
                0.058626477278306215,
                0.05321206440446169,
                0.6872302495767171,
                0.09500686559152086
            ],
            [
                0.31601700232570373,
                0.141584369203502,
                0.2248442473633056,
                0.0991518253529419,
                0.1221101293948124,
                0.09629242635973446
            ],
            [
                0.07040835081024911,
                0.41547212749985224,
                0.10682968558074901,
                0.00797922183489228,
                0.3361245644569413,
                0.06318604981731621
            ],
            [
                0.24583437980725364,
                0.26818445524979173,
                0.21467478731470657,
                0.04028457492310495,
                0.0013574359434337347,
                0.22966436676170962
            ],
            [
                0.055749043054406686,
                0.3392032640484652,
                0.33051517370344646,
                0.1912420311170571,
                0.034787261562032164,
                0.048503226514592476
            ],
            [
                0.26354070872835283,
                0.05273593868690193,
                0.025696293848230016,
                0.1125898161434471,
                0.3806729066729022,
                0.16476433592016576
            ],
            [
                0.11417945008971893,
                0.013827969161422987,
                0.12911526995538325,
                0.6236519663156411,
                0.02041437951587745,
                0.0988109649619563
            ],
            [
                0.3156723706842301,
                0.20307193251095898,
                0.17961248124158694,
                0.1823520974387922,
                0.06701088582237999,
                0.05228023230205182
            ],
            [
                0.18027586393349163,
                0.1807059147197045,
                0.2194963700542036,
                0.26590565534543015,
                0.07789086074363065,
                0.07572533520353933
            ],
            [
                0.19839161815692688,
                0.13008243523074411,
                0.15001287496406226,
                0.19686361322825072,
                0.27353414833951617,
                0.051115310080499826
            ],
            [
                0.1636019457479006,
                0.034286690772855344,
                0.29994729254641406,
                0.012716149628988871,
                0.21768126507749416,
                0.2717666562263469
            ],
            [
                0.09712529641928108,
                0.25706884647118683,
                0.008910512112285059,
                0.010949623612832166,
                0.49747781858144396,
                0.12846790280297107
            ],
            [
                0.037212142781803424,
                0.20227446253865375,
                0.4024515036436948,
                0.0665759488041349,
                0.26705620516985845,
                0.024429737061854567
            ],
            [
                0.006962151289302475,
                0.09943780591800831,
                0.10206200702478821,
                0.13310751788712305,
                0.16989908711263996,
                0.488531430768138
            ],
            [
                0.19749562359624348,
                0.10605552596294149,
                0.4311765809101789,
                0.08588743615122267,
                0.15716727792098023,
                0.022217555458433378
            ],
            [
                0.003653805707401295,
                0.46777903942477217,
                0.2572370188021845,
                0.1694229833019073,
                0.07482740817969566,
                0.027079744584038952
            ],
            [
                0.04343616300466462,
                0.07353527250329205,
                0.20344096881277712,
                0.32013969339436,
                0.27559587820755993,
                0.08385202407734618
            ],
            [
                0.4413201915826055,
                0.1907410187966121,
                0.1151312185971356,
                0.1347606202817616,
                0.07749737707493605,
                0.040549573666949126
            ],
            [
                0.2110632309228644,
                0.6802646162389202,
                0.006954348381397485,
                0.05918233639169596,
                0.022589936766778628,
                0.019945531298343432
            ],
            [
                0.3709524565995416,
                0.23325754064355897,
                0.12327688470019371,
                0.01974566328269138,
                0.1297464624885266,
                0.12302099228548768
            ],
            [
                0.05801042728411408,
                0.17351734547465344,
                0.15504544675280252,
                0.29180557287038555,
                0.307480445308102,
                0.014140762309942531
            ],
            [
                0.08779891181284448,
                0.18389485764723573,
                0.1308310939633834,
                0.36313203634308416,
                0.2010754810012257,
                0.0332676192322265
            ],
            [
                0.012875547688815596,
                0.18093327526890296,
                0.004727282175629763,
                0.1550622085555758,
                0.49566137481956035,
                0.15074031149151557
            ],
            [
                0.07860870367575133,
                0.16493358929570426,
                0.09807369558621412,
                0.12621124966268438,
                0.4541037685545504,
                0.07806899322509543
            ],
            [
                0.5396209094553297,
                0.39155476626203256,
                0.036188997882341666,
                0.011938780100273603,
                0.017642287316928063,
                0.003054258983094356
            ],
            [
                0.02760940752936505,
                0.3197394368270358,
                0.020552837122087254,
                0.10691347332101095,
                0.5186315592720897,
                0.006553285928411165
            ],
            [
                0.26217008753892573,
                0.05152781808657529,
                0.019570984201569667,
                0.18569545444830496,
                0.1542953409968247,
                0.3267403147277997
            ],
            [
                0.2038847976718979,
                0.24973373057082726,
                0.05085768579947334,
                0.029982445280536375,
                0.21316546382653398,
                0.25237587685073104
            ],
            [
                0.45482319869326654,
                0.05196516635116698,
                0.04543772858366743,
                0.14629670244713838,
                0.04070000905887065,
                0.2607771948658899
            ],
            [
                0.25233838695271826,
                0.07233292319124375,
                0.17939892000136592,
                0.18131559359460395,
                0.014049178335180903,
                0.3005649979248873
            ],
            [
                0.12558465462232785,
                0.31254533675836077,
                0.06883890107125473,
                0.4031070164273715,
                0.08797943127952575,
                0.001944659841159485
            ],
            [
                0.2432034302817364,
                0.009873499641480378,
                0.0396746230142671,
                0.3091190077701464,
                0.310251233036203,
                0.08787820625616675
            ],
            [
                0.20594549087561342,
                0.1226350060739819,
                0.07152284335352825,
                0.08212969704047565,
                0.23007894993968436,
                0.2876880127167165
            ],
            [
                0.3293520746241579,
                0.32738536856907824,
                0.02008565158905679,
                0.14324391418596424,
                0.012450331638642372,
                0.16748265939310053
            ],
            [
                0.11855953282163388,
                0.44501268535375,
                0.08795806800420156,
                0.025339004152767533,
                0.03140413316781844,
                0.2917265764998285
            ],
            [
                0.231172614708934,
                0.02559442246406419,
                0.02109219115423988,
                0.28982437715379217,
                0.018136965451573218,
                0.4141794290673966
            ],
            [
                0.18432541465899324,
                0.012767170845587686,
                0.013339725904037425,
                0.6493459993462074,
                0.07054587692027023,
                0.06967581232490411
            ],
            [
                0.15449316417379655,
                0.2712765466116084,
                0.39359398077801316,
                0.12907497995102094,
                0.04352177624759184,
                0.00803955223796926
            ],
            [
                0.2487453353702981,
                0.1354308735720457,
                0.09146800812606588,
                0.39240033435568483,
                0.019531921775015865,
                0.11242352680088967
            ],
            [
                0.005706986227709333,
                0.31604934213299624,
                0.028963499733210205,
                0.06321992536583805,
                0.0624878395343199,
                0.5235724070059262
            ],
            [
                0.16401301495589996,
                0.10477342323821649,
                0.3918704428997352,
                0.056218357999158024,
                0.04026368951277113,
                0.24286107139421914
            ],
            [
                0.027118216851071474,
                0.35390870864529295,
                0.0013103542576457215,
                0.3753023099289592,
                0.004727433209753535,
                0.2376329771072772
            ],
            [
                0.06936289922189275,
                0.4583391279354031,
                0.007088586469402752,
                0.0746303672538237,
                0.32211297894278174,
                0.06846604017669594
            ],
            [
                0.14244729094937064,
                0.17075697872961698,
                0.0869824662485159,
                0.14173634949657202,
                0.12597254899062704,
                0.33210436558529727
            ],
            [
                0.006490453529644656,
                0.04602798545322582,
                0.41919337187916395,
                0.30834976460757113,
                0.08486796861811455,
                0.1350704559122798
            ],
            [
                0.1274285406228238,
                0.08174457042405506,
                0.24438886995968093,
                0.17099866992351864,
                0.34369834479658196,
                0.031741004273339646
            ],
            [
                0.306279745558057,
                0.3580015101452367,
                0.10010516695961033,
                0.06418811108330609,
                0.030952500013004362,
                0.14047296624078556
            ],
            [
                0.11821767778283032,
                0.018175505117935163,
                0.2476640496140964,
                0.1770704995595804,
                0.30639116069859174,
                0.13248110722696593
            ],
            [
                0.1514706111858576,
                0.08633382021032307,
                0.4301559677758596,
                0.32040622330282714,
                0.007374748164646574,
                0.0042586293604861235
            ],
            [
                0.05871701611917301,
                0.20680616721958867,
                0.5425181484020292,
                0.020263527851426343,
                0.11209230697199248,
                0.05960283343579039
            ],
            [
                0.40461092397875015,
                0.21316745866647166,
                0.21042789002704748,
                0.0730318303038728,
                0.06187862526885259,
                0.03688327175500537
            ],
            [
                0.003151491335258127,
                0.10864476149229566,
                0.09103129367229919,
                0.44385212981781863,
                0.3092931800779522,
                0.044027143604376276
            ],
            [
                0.20134422619825756,
                0.39796231207689337,
                0.2603602045731958,
                0.039045324728671164,
                0.08228466225772875,
                0.01900327016525319
            ],
            [
                0.45353462498041397,
                0.1372060043795091,
                0.0382242610973417,
                0.16400115620320274,
                0.1417443682250434,
                0.06528958511448908
            ],
            [
                0.01977841641833062,
                0.18269674697563365,
                0.12053705640318746,
                0.24281113323597728,
                0.12048773900990913,
                0.31368890795696186
            ],
            [
                0.1820978161672654,
                0.18671641054252436,
                0.4747241648063223,
                0.1171969665139785,
                0.032639735914758966,
                0.006624906055150707
            ],
            [
                0.35230450864280877,
                0.24247149369410265,
                0.3048837780117127,
                0.05996230625451635,
                0.03670941987735139,
                0.0036684935195080604
            ],
            [
                0.08350576827738941,
                0.1724322891393715,
                0.09632982519094198,
                0.1112900620008749,
                0.45362970277841824,
                0.08281235261300396
            ],
            [
                0.08293487949923667,
                0.17596432300591597,
                0.05805586528116588,
                0.11185078573209783,
                0.22794986163322808,
                0.34324428484835556
            ],
            [
                0.019223878367655683,
                0.31560029030518405,
                0.08187124210313441,
                0.03609998865547731,
                0.07426832746738125,
                0.47293627310116726
            ],
            [
                0.2637896065667439,
                0.154977326039966,
                0.3901439152767379,
                0.10677238784587237,
                0.030673586654040647,
                0.05364317761663908
            ],
            [
                0.06524040310552981,
                0.07844932144255352,
                0.07116440744972644,
                0.48761074841625823,
                0.09558403071758714,
                0.20195108886834473
            ],
            [
                0.5092953845857294,
                0.14406229774503942,
                0.24697835223776632,
                0.042414521501366764,
                0.04789157559794279,
                0.009357868332155395
            ],
            [
                0.11973464188773558,
                0.21129253295068778,
                0.12605273163808386,
                0.06010170516220321,
                0.08318212975601903,
                0.3996362586052705
            ],
            [
                0.05498090260354832,
                0.1077721788503792,
                0.1665435519936308,
                0.2789482562210933,
                0.009541858963345053,
                0.38221325136800327
            ],
            [
                0.16297514200266602,
                0.014061423831864515,
                0.3409434527561168,
                0.4181879724366371,
                0.010389661972464218,
                0.053442347000251106
            ],
            [
                0.3579218400994563,
                0.3008662905266161,
                0.04449216885386622,
                0.05123632812403512,
                0.1009429865626044,
                0.14454038583342171
            ],
            [
                0.2568865275133274,
                0.12279114296342068,
                0.165626435351069,
                0.3671173418955267,
                0.00996945966792626,
                0.07760909260872997
            ],
            [
                0.21966879333371722,
                0.39657845792999724,
                0.12601442700151524,
                0.13353022346714283,
                0.01992966016589658,
                0.10427843810173097
            ],
            [
                0.34037116947971646,
                0.12426739324356033,
                0.14036923495004824,
                0.21196484835404422,
                0.00907321399017107,
                0.1739541399824597
            ],
            [
                0.04740727183509278,
                0.07917596073798022,
                0.025456712925152346,
                0.4414464804500218,
                0.17968514039603342,
                0.22682843365571936
            ],
            [
                0.2904266922916852,
                0.1287363221964824,
                0.016964703669459066,
                0.14370289116908833,
                0.16490869173272313,
                0.2552606989405618
            ],
            [
                0.1676460373658192,
                0.040495062671554456,
                0.09902739062914562,
                0.1338459738183828,
                0.3080417142986523,
                0.2509438212164456
            ],
            [
                0.07075844169466533,
                0.6921740654593826,
                0.14962126708184614,
                0.04352727088840782,
                0.017254218767762813,
                0.026664736107935447
            ],
            [
                0.0815745244550171,
                0.050615106952715025,
                0.059667223715733776,
                0.09697564026928251,
                0.05501810535028161,
                0.65614939925697
            ],
            [
                0.01389278829641452,
                0.12348875949008963,
                0.08775721548437411,
                0.6708617512610151,
                0.019738495750639587,
                0.08426098971746696
            ],
            [
                0.39719715817111717,
                0.22839232249439947,
                0.19337706853986159,
                0.03395585829353072,
                0.021333702782643113,
                0.12574388971844777
            ],
            [
                0.419710735914543,
                0.12884837679030844,
                0.13424477799525208,
                0.05201677943830024,
                0.23238679248900762,
                0.03279253737258855
            ],
            [
                0.1305143125142648,
                0.18492981003179673,
                0.23643648491311195,
                0.09264521745363016,
                0.040708409641183406,
                0.3147657654460129
            ],
            [
                0.11955613866851816,
                0.3055760465811807,
                0.05885938503632495,
                0.23033404565815616,
                0.26699316687732033,
                0.01868121717849974
            ],
            [
                0.05644419974551091,
                0.019853820204864207,
                0.009005060727366733,
                0.6328496680084293,
                0.05352098047821528,
                0.22832627083561371
            ],
            [
                0.05948977065634377,
                0.23160017880328249,
                0.2890730172936983,
                0.18328294219886632,
                0.1291166626221509,
                0.10743742842565808
            ],
            [
                0.044434371242364455,
                0.27471506889797326,
                0.18389282262730441,
                0.3472756338035792,
                0.013746186641255232,
                0.13593591678752345
            ],
            [
                0.3921476833699967,
                0.028143799649147552,
                0.009685058871947663,
                0.19020871765357172,
                0.1202607035879725,
                0.25955403686736384
            ],
            [
                0.037592089667987015,
                0.3960124364613369,
                0.056223942707627934,
                0.044622449746535994,
                0.04480458414270497,
                0.42074449727380736
            ],
            [
                0.16653052479490446,
                0.11267927227329752,
                0.06764345447118607,
                0.3191773967466528,
                0.07583919699057627,
                0.258130154723383
            ],
            [
                0.1408166291280827,
                0.11521009230880916,
                0.15125991022159505,
                0.08733427715479507,
                0.33526121676659787,
                0.17011787442012025
            ],
            [
                0.03680518794791145,
                0.32012571864074085,
                0.06746045286271411,
                0.10923926731767829,
                0.3300366935301465,
                0.13633267970080884
            ],
            [
                0.02051121207150286,
                0.46373593690536197,
                0.1630271331532508,
                0.0672890471397379,
                0.024745331449944223,
                0.26069133928020216
            ],
            [
                0.1595531565230156,
                0.12569602834334234,
                0.36984416802099956,
                0.2561999244172335,
                0.02711900553557979,
                0.061587717159829324
            ],
            [
                0.04716401784415259,
                0.22492679447912792,
                0.0056311505110236285,
                0.13929700130833658,
                0.23731682244904256,
                0.34566421340831666
            ],
            [
                0.08769588467558262,
                0.36065114753118843,
                0.024557989390947485,
                0.3924757711994009,
                0.028566176537292418,
                0.10605303066558823
            ],
            [
                0.2851127802896984,
                0.02901527098086949,
                0.04651699819010787,
                0.22884745103813928,
                0.22742780037793098,
                0.18307969912325403
            ],
            [
                0.224582381266352,
                0.14841935840554984,
                0.05502330566434141,
                0.08045940392152588,
                0.038012272359316424,
                0.4535032783829145
            ],
            [
                0.1459470018516224,
                0.08538139003541727,
                0.10332652625484608,
                0.49051148925222443,
                0.027747236751596207,
                0.1470863558542936
            ],
            [
                0.09726727767819907,
                0.13042807568419973,
                0.0025215437337287316,
                0.28375965593551006,
                0.3711346456223751,
                0.11488880134598739
            ],
            [
                0.17197827574755076,
                0.368714861968664,
                0.17710022451718474,
                0.023861941625557298,
                0.12380060143586413,
                0.13454409470517897
            ],
            [
                0.06962432671586835,
                0.16823274844203326,
                0.3436182828067474,
                0.3277473065694621,
                0.07561562509418904,
                0.015161710371699652
            ],
            [
                0.3656967685931095,
                0.15937729376295506,
                0.011623066348213076,
                0.2214087122129765,
                0.17803288748044171,
                0.06386127160230422
            ],
            [
                0.2558582241949739,
                0.1456041189650625,
                0.016105107429276073,
                0.11675010528258026,
                0.4643547631378039,
                0.001327680990303265
            ],
            [
                0.08018720303643609,
                0.10035965130052547,
                0.15236094719034446,
                0.49884050387743567,
                0.08403400426750689,
                0.08421769032775135
            ],
            [
                0.42569715597642194,
                0.1915633208301512,
                0.08096386603666951,
                0.19169208805353247,
                0.048320655279557305,
                0.06176291382366753
            ],
            [
                0.11468726828777494,
                0.0902479625648478,
                0.40949878425420433,
                0.07481393177096451,
                0.14444668500154162,
                0.1663053681206667
            ],
            [
                0.0025149895690006084,
                0.20783776805260995,
                0.037408959792750794,
                0.6193525504990387,
                0.0307094666472665,
                0.10217626543933349
            ],
            [
                0.010006858170532009,
                0.6469919348359661,
                0.07824216548280995,
                0.10149142197149325,
                0.007788027268374077,
                0.15547959227082464
            ],
            [
                0.06479553007972291,
                0.6279576153868806,
                0.06314155606759543,
                0.05818613328458795,
                0.010240194624797935,
                0.1756789705564154
            ],
            [
                0.1925053275007372,
                0.015725125652117634,
                0.34565891074391475,
                0.139705799965991,
                0.17194017366380518,
                0.13446466247343408
            ],
            [
                0.07757146948184582,
                0.12423649297557394,
                0.025554747327510223,
                0.03041749722582875,
                0.2997667381839349,
                0.44245305480530656
            ],
            [
                0.18420610887890992,
                0.12445832243908418,
                0.4071291766268109,
                0.20714302457773445,
                0.010136274573776662,
                0.06692709290368389
            ],
            [
                0.31546166349695454,
                0.2695882915846867,
                0.006884724172197337,
                0.06290594590992074,
                0.06585549156236875,
                0.2793038832738719
            ],
            [
                0.006096670687046408,
                0.03366811214838474,
                0.49276473568564905,
                0.060232895950186896,
                0.32392221440416147,
                0.08331537112457137
            ],
            [
                0.017813887634446152,
                0.04738681660660484,
                0.2178849699611623,
                0.3292415502145421,
                0.30158949744651964,
                0.08608327813672502
            ],
            [
                0.2724311727854271,
                0.05666445883063718,
                0.08569907923992161,
                0.5598922152708781,
                0.003232780083030989,
                0.022080293790104996
            ],
            [
                0.056648624041437785,
                0.006536408446399794,
                0.04866428246165145,
                0.21263413537565026,
                0.13300714334236746,
                0.5425094063324933
            ],
            [
                0.4146810696308745,
                0.1019875534109604,
                0.07322861850701995,
                0.11643864024496503,
                0.21757404038139982,
                0.07609007782478018
            ],
            [
                0.15795342295486495,
                0.08500630944445746,
                0.12962613260585373,
                0.09247804895826114,
                0.05630111959659357,
                0.4786349664399691
            ],
            [
                0.1770009194226617,
                0.01852591542589096,
                0.24894859841344624,
                0.08201972156291819,
                0.27607510118941037,
                0.1974297439856725
            ],
            [
                0.1863607799885509,
                0.007648050485435623,
                0.10530328327369158,
                0.26253006745570434,
                0.3377834433874179,
                0.10037437540919959
            ],
            [
                0.020378884797151546,
                0.24461370705535143,
                0.5649789029100278,
                0.10128640951602762,
                0.025577057685238356,
                0.04316503803620318
            ],
            [
                0.004045668583311859,
                0.5354927820230195,
                0.0273057136893916,
                0.18727637457425517,
                0.06980713115403109,
                0.1760723299759909
            ],
            [
                0.1910406770242519,
                0.32093134990117167,
                0.04191058330055998,
                0.002004277346197801,
                0.02668472605230306,
                0.41742838637551544
            ],
            [
                0.27092199882171225,
                0.11904601476792222,
                0.12005865583794428,
                0.14310657303347799,
                0.025229254952342826,
                0.32163750258660034
            ],
            [
                0.16309556933040997,
                0.14521163259655417,
                0.21993673197226965,
                0.014459119620314027,
                0.054663309397634606,
                0.40263363708281763
            ],
            [
